 -1.683590389695882E-003 -1.683590390077940E-003 -1.162528674105958E-002
 -1.683590571021951E-003 -3.367184763038868E-004 -1.162528724149177E-002
 -3.367184284691578E-004 -3.367184285128039E-004 -1.162528789487703E-002
 -3.367184761370832E-004 -1.683590570928164E-003 -1.162528724133952E-002
 -1.683590038958479E-003 -1.010154200015663E-003 -1.162529585701661E-002
 -1.010154216849482E-003 -3.367190293565170E-004 -1.162529719012820E-002
 -3.367190293402191E-004 -1.010154216657338E-003 -1.162529718992138E-002
 -1.010154200057337E-003 -1.683590038984158E-003 -1.162529585683888E-002
 -1.010154253527432E-003 -1.010154253542482E-003 -1.162530083223722E-002
 -1.340302083836960E-009 -3.367195023709591E-004  1.111115044986534E-003
 -1.344235944940580E-009 -3.367194970879773E-004  5.555558571714322E-003
 -1.157678860327221E-009 -1.683588612330921E-003  5.555558439719748E-003
 -1.134673442335608E-009 -1.683588653539496E-003  1.111115223139188E-003
  6.449559116149760E-009 -3.367210365936545E-004  3.333336816547581E-003
 -2.931301809844331E-009 -1.010154041990366E-003  5.555556628786006E-003
  4.587524673533476E-009 -1.683585861261198E-003  3.333336831642856E-003
 -2.871101370809526E-009 -1.010154072690049E-003  1.111116998897289E-003
  2.729760086091107E-009 -1.010153772773143E-003  3.333336824383703E-003
 -1.683588653837564E-003 -1.134737168324070E-009  1.111115223440315E-003
 -1.683588611415922E-003 -1.156944047671620E-009  5.555558439978704E-003
 -3.367194971344212E-004 -1.343501351071895E-009  5.555558571775431E-003
 -3.367195026508375E-004 -1.340052236236127E-009  1.111115044721102E-003
 -1.683585861110357E-003  4.587280159990491E-009  3.333336831626861E-003
 -1.010154041913249E-003 -2.930850780819005E-009  5.555556628810139E-003
 -3.367210365804049E-004  6.449764730178981E-009  3.333336816550415E-003
 -1.010154072761777E-003 -2.871067125362337E-009  1.111116998898155E-003
 -1.010153772691791E-003  2.729879222250920E-009  3.333336824401116E-003
 -3.367194028199566E-004 -2.020308388443420E-003  1.111114498905850E-003
 -3.367194006841749E-004 -2.020308352362419E-003  5.555559176351092E-003
 -1.683588717462044E-003 -2.020308347259680E-003  5.555558987731556E-003
 -1.683588753531162E-003 -2.020308374840419E-003  1.111114735779126E-003
 -3.367207826487279E-004 -2.020306781410041E-003  3.333336828717263E-003
 -1.010154056125223E-003 -2.020308675020369E-003  5.555557154371390E-003
 -1.683586322016486E-003 -2.020307080266260E-003  3.333336845886156E-003
 -1.010154082309009E-003 -2.020308711306196E-003  1.111116523806397E-003
 -1.010153808563014E-003 -2.020307510432607E-003  3.333336835174442E-003
 -2.020308374779847E-003 -1.683588753881550E-003  1.111114736254036E-003
 -2.020308347304994E-003 -1.683588717693834E-003  5.555558987402954E-003
 -2.020308351847165E-003 -3.367194014518894E-004  5.555559176865942E-003
 -2.020308388443959E-003 -3.367194030943488E-004  1.111114498501101E-003
 -2.020307080351862E-003 -1.683586321865086E-003  3.333336845878253E-003
 -2.020308674865519E-003 -1.010154056009995E-003  5.555557154345601E-003
 -2.020306781260345E-003 -3.367207826149038E-004  3.333336828636708E-003
 -2.020308711288155E-003 -1.010154082385993E-003  1.111116523800379E-003
 -2.020307510371784E-003 -1.010153808508248E-003  3.333336835141449E-003
 -1.167230124132692E-010  1.727023974946573E-010  1.162528733658809E-002
 -1.114993688266304E-010 -1.119741634653213E-010  1.162528764509060E-002
  1.727591900102261E-010 -1.169358591077488E-010  1.162528733642850E-002
  1.562361526688750E-010  1.558322515504592E-010  1.162528711737486E-002
 -1.240705455041180E-012  2.039877818797806E-010  1.162529692662018E-002
  2.036298778521854E-010 -1.270754335092050E-012  1.162529692682060E-002
  1.837482006827873E-010  1.758474382274923E-010  1.162529590571256E-002
  1.753431380668337E-010  1.837517273756140E-010  1.162529590532826E-002
  1.860075416718239E-010  1.859550234606898E-010  1.162530061612062E-002
 -1.434681867420627E-009 -3.367194896979849E-004  7.777788620337318E-003
 -1.835983619557493E-009 -3.367197464246883E-004  1.222223342321013E-002
 -1.687520908838361E-009 -1.683588838614278E-003  1.222223355810486E-002
 -1.388948055721040E-009 -1.683588512155234E-003  7.777788943720099E-003
  7.669886258770443E-009 -3.367211533769101E-004  1.000001056523573E-002
 -1.297184729640369E-009 -1.010154194325205E-003  1.222222985388212E-002
  5.314524672878247E-009 -1.683585535795729E-003  1.000001078680511E-002
 -2.992169591850384E-009 -1.010153984930984E-003  7.777790567531420E-003
  3.500374896187042E-009 -1.010153700652434E-003  1.000001023171431E-002
 -1.683588511336037E-003 -1.388341069817172E-009  7.777788943723603E-003
 -1.683588837702361E-003 -1.687205392741632E-009  1.222223355841367E-002
 -3.367197464814984E-004 -1.835246438679087E-009  1.222223342320776E-002
 -3.367194898313157E-004 -1.434438186477148E-009  7.777788620114030E-003
 -1.683585535519494E-003  5.314048891598639E-009  1.000001078684212E-002
 -1.010154194225961E-003 -1.296767424994669E-009  1.222222985386672E-002
 -3.367211533501490E-004  7.670214665180582E-009  1.000001056524200E-002
 -1.010153984840567E-003 -2.991834420398159E-009  7.777790567527502E-003
 -1.010153700494952E-003  3.500523630510510E-009  1.000001023171884E-002
 -3.367193961016278E-004 -2.020308260133568E-003  7.777788144852448E-003
 -3.367197743436582E-004 -2.020308716402195E-003  1.222223462427587E-002
 -1.683588827399967E-003 -2.020308716607313E-003  1.222223464688113E-002
 -1.683588643513594E-003 -2.020308290557407E-003  7.777788529321607E-003
 -3.367208985012763E-004 -2.020306525810236E-003  1.000001090944583E-002
 -1.010154212694437E-003 -2.020308647603403E-003  1.222223089930645E-002
 -1.683586066664860E-003 -2.020306915320933E-003  1.000001111197783E-002
 -1.010154007251407E-003 -2.020308598942670E-003  7.777790183148663E-003
 -1.010153753108967E-003 -2.020307302426150E-003  1.000001053905468E-002
 -2.020308290714122E-003 -1.683588643642519E-003  7.777788529816404E-003
 -2.020308716756587E-003 -1.683588827445174E-003  1.222223464646673E-002
 -2.020308715882635E-003 -3.367197750784683E-004  1.222223462482006E-002
 -2.020308259641278E-003 -3.367193968900752E-004  7.777788144280373E-003
 -2.020306915553779E-003 -1.683586066270893E-003  1.000001111196083E-002
 -2.020308647442078E-003 -1.010154212475486E-003  1.222223089919731E-002
 -2.020306525535850E-003 -3.367208984007122E-004  1.000001090949500E-002
 -2.020308598810847E-003 -1.010154007061699E-003  7.777790183189433E-003
 -2.020307302344252E-003 -1.010153752880099E-003  1.000001053904493E-002
 -3.367178698118400E-004 -1.683591725860120E-003  1.333334834097770E-002
 -3.367178601784708E-004 -3.367178603231461E-004  1.333334790269794E-002
 -1.683591725456718E-003 -3.367178698628089E-004  1.333334834100372E-002
 -1.683591559270919E-003 -1.683591559462488E-003  1.333334873691638E-002
 -3.367187270587996E-004 -1.010154428774635E-003  1.333334610340345E-002
 -1.010154428745889E-003 -3.367187271293647E-004  1.333334610335616E-002
 -1.683590537210487E-003 -1.010154409437883E-003  1.333334657310471E-002
 -1.010154409583703E-003 -1.683590537432683E-003  1.333334657319318E-002
 -1.010154392281075E-003 -1.010154392428471E-003  1.333334529501283E-002
 -3.367184846461571E-004 -1.683590513168941E-003  6.666673671996530E-003
 -3.367184351113683E-004 -3.367184351315202E-004  6.666673599671149E-003
 -1.683590512797860E-003 -3.367184847480611E-004  6.666673672083544E-003
 -1.683590343874475E-003 -1.683590344004754E-003  6.666673740487560E-003
 -3.367190217939746E-004 -1.010154161835483E-003  6.666673607328462E-003
 -1.010154161755138E-003 -3.367190218556019E-004  6.666673607350640E-003
 -1.683589974331648E-003 -1.010154153956737E-003  6.666673677491068E-003
 -1.010154153995777E-003 -1.683589974509890E-003  6.666673677469525E-003
 -1.010154199327080E-003 -1.010154199462042E-003  6.666673626561400E-003
