 -1.683590393060528E-003 -1.683590393442584E-003 -1.162528660591224E-002
 -1.683590574386594E-003 -3.367184769768165E-004 -1.162528710634445E-002
 -3.367184291420861E-004 -3.367184291857341E-004 -1.162528775972969E-002
 -3.367184768100135E-004 -1.683590574292810E-003 -1.162528710619216E-002
 -1.683590042323121E-003 -1.010154202034448E-003 -1.162529572186917E-002
 -1.010154218868266E-003 -3.367190300294484E-004 -1.162529705498071E-002
 -3.367190300131500E-004 -1.010154218676127E-003 -1.162529705477391E-002
 -1.010154202076123E-003 -1.683590042348804E-003 -1.162529572169142E-002
 -1.010154255546218E-003 -1.010154255561269E-003 -1.162530069708971E-002
 -1.558140202960673E-013 -3.367195030438911E-004  1.111115047207091E-003
 -1.562713439148244E-013 -3.367194977609069E-004  5.555558582817061E-003
 -1.345835372707618E-013 -1.683588615695560E-003  5.555558450822490E-003
 -1.319090917536694E-013 -1.683588656904139E-003  1.111115225359742E-003
  7.497800246887433E-013 -3.367210372665893E-004  3.333336823209228E-003
 -3.407723696056862E-013 -1.010154044009151E-003  5.555556639888753E-003
  5.333130997045349E-013 -1.683585864625835E-003  3.333336838304507E-003
 -3.337738941765347E-013 -1.010154074708835E-003  1.111117001117850E-003
  3.173425582810574E-013 -1.010153774791929E-003  3.333336831045354E-003
 -1.683588657202202E-003 -1.319165012198280E-013  1.111115225660871E-003
 -1.683588614780562E-003 -1.344981133545048E-013  5.555558451081450E-003
 -3.367194978073517E-004 -1.561859445459687E-013  5.555558582878178E-003
 -3.367195033237686E-004 -1.557849719125245E-013  1.111115046941660E-003
 -1.683585864474992E-003  5.332846739463141E-013  3.333336838288510E-003
 -1.010154043932036E-003 -3.407199374722379E-013  5.555556639912891E-003
 -3.367210372533396E-004  7.498039289158701E-013  3.333336823212060E-003
 -1.010154074780562E-003 -3.337699126024008E-013  1.111117001118719E-003
 -1.010153774710575E-003  3.173564085028608E-013  3.333336831062770E-003
 -3.367194034928878E-004 -2.020308392480996E-003  1.111114501126406E-003
 -3.367194013571043E-004 -2.020308356399989E-003  5.555559187453827E-003
 -1.683588720826688E-003 -2.020308351297253E-003  5.555558998834304E-003
 -1.683588756895805E-003 -2.020308378877989E-003  1.111114737999680E-003
 -3.367207833216615E-004 -2.020306785447611E-003  3.333336835378906E-003
 -1.010154058144009E-003 -2.020308679057944E-003  5.555557165474138E-003
 -1.683586325381123E-003 -2.020307084303829E-003  3.333336852547808E-003
 -1.010154084327794E-003 -2.020308715343773E-003  1.111116526026954E-003
 -1.010153810581799E-003 -2.020307514470178E-003  3.333336841836093E-003
 -2.020308378817420E-003 -1.683588757246190E-003  1.111114738474594E-003
 -2.020308351342568E-003 -1.683588721058474E-003  5.555558998505703E-003
 -2.020308355884738E-003 -3.367194021248196E-004  5.555559187968686E-003
 -2.020308392481530E-003 -3.367194037672799E-004  1.111114500721654E-003
 -2.020307084389434E-003 -1.683586325229721E-003  3.333336852539907E-003
 -2.020308678903092E-003 -1.010154058028780E-003  5.555557165448348E-003
 -2.020306785297912E-003 -3.367207832878374E-004  3.333336835298359E-003
 -2.020308715325726E-003 -1.010154084404780E-003  1.111116526020939E-003
 -2.020307514409353E-003 -1.010153810527033E-003  3.333336841803103E-003
 -1.167230079951453E-010  1.727023923989070E-010  1.162528720144070E-002
 -1.114993528177077E-010 -1.119741500313787E-010  1.162528750994325E-002
  1.727591842910596E-010 -1.169358504883415E-010  1.162528720128115E-002
  1.562361432718914E-010  1.558322402561219E-010  1.162528698222754E-002
 -1.240724536999416E-012  2.039877812021543E-010  1.162529679147274E-002
  2.036298721330189E-010 -1.270764743432906E-012  1.162529679167315E-002
  1.837482197647455E-010  1.758474404501068E-010  1.162529577056514E-002
  1.753431389341954E-010  1.837517377839548E-010  1.162529577018083E-002
  1.860075362508130E-010  1.859550235148999E-010  1.162530048097306E-002
 -1.667859437862396E-013 -3.367194903709173E-004  7.777788635881166E-003
 -2.134384417428042E-013 -3.367197470976217E-004  1.222223344763617E-002
 -1.961792174447205E-013 -1.683588841978917E-003  1.222223358253091E-002
 -1.614692546619079E-013 -1.683588515519875E-003  7.777788959263961E-003
  8.916466085420345E-013 -3.367211540498466E-004  1.000001058522068E-002
 -1.508015024333610E-013 -1.010154196343994E-003  1.222222987830815E-002
  6.178289658784335E-013 -1.683585539160365E-003  1.000001080679007E-002
 -3.478484263459201E-013 -1.010153986949770E-003  7.777790583075276E-003
  4.069287731525990E-013 -1.010153702671221E-003  1.000001025169926E-002
 -1.683588514700677E-003 -1.613986909187995E-013  7.777788959267451E-003
 -1.683588841067003E-003 -1.961425391926630E-013  1.222223358283972E-002
 -3.367197471544322E-004 -2.133527427516515E-013  1.222223344763379E-002
 -3.367194905042475E-004 -1.667576148547980E-013  7.777788635657884E-003
 -1.683585538884128E-003  6.177736562390801E-013  1.000001080682706E-002
 -1.010154196244746E-003 -1.507529872335809E-013  1.222222987829276E-002
 -3.367211540230838E-004  8.916847869580865E-013  1.000001058522695E-002
 -1.010153986859354E-003 -3.478094617166501E-013  7.777790583071358E-003
 -1.010153702513738E-003  4.069460650349031E-013  1.000001025170379E-002
 -3.367193967745596E-004 -2.020308264171140E-003  7.777788160396301E-003
 -3.367197750165894E-004 -2.020308720439771E-003  1.222223464870193E-002
 -1.683588830764605E-003 -2.020308720644889E-003  1.222223467130717E-002
 -1.683588646878234E-003 -2.020308294594979E-003  7.777788544865465E-003
 -3.367208991742108E-004 -2.020306529847808E-003  1.000001092943078E-002
 -1.010154214713223E-003 -2.020308651640977E-003  1.222223092373249E-002
 -1.683586070029495E-003 -2.020306919358502E-003  1.000001113196277E-002
 -1.010154009270195E-003 -2.020308602980246E-003  7.777790198692527E-003
 -1.010153755127752E-003 -2.020307306463722E-003  1.000001055903963E-002
 -2.020308294751696E-003 -1.683588647007159E-003  7.777788545360254E-003
 -2.020308720794159E-003 -1.683588830809813E-003  1.222223467089278E-002
 -2.020308719920207E-003 -3.367197757514010E-004  1.222223464924611E-002
 -2.020308263678850E-003 -3.367193975630072E-004  7.777788159824223E-003
 -2.020306919591349E-003 -1.683586069635527E-003  1.000001113194578E-002
 -2.020308651479650E-003 -1.010154214494272E-003  1.222223092362334E-002
 -2.020306529573418E-003 -3.367208990736470E-004  1.000001092947994E-002
 -2.020308602848419E-003 -1.010154009080485E-003  7.777790198733293E-003
 -2.020307306381823E-003 -1.010153754898885E-003  1.000001055902988E-002
 -3.367178704847730E-004 -1.683591729224765E-003  1.333334836762431E-002
 -3.367178608514025E-004 -3.367178609960736E-004  1.333334792934454E-002
 -1.683591728821362E-003 -3.367178705357376E-004  1.333334836765032E-002
 -1.683591562635556E-003 -1.683591562827137E-003  1.333334876356298E-002
 -3.367187277317312E-004 -1.010154430793425E-003  1.333334613005004E-002
 -1.010154430764671E-003 -3.367187278022960E-004  1.333334613000276E-002
 -1.683590540575127E-003 -1.010154411456671E-003  1.333334659975131E-002
 -1.010154411602489E-003 -1.683590540797333E-003  1.333334659983979E-002
 -1.010154394299859E-003 -1.010154394447259E-003  1.333334532165943E-002
 -3.367184853190897E-004 -1.683590516533585E-003  6.666673685319826E-003
 -3.367184357842978E-004 -3.367184358044480E-004  6.666673612994448E-003
 -1.683590516162505E-003 -3.367184854209897E-004  6.666673685406843E-003
 -1.683590347239122E-003 -1.683590347369397E-003  6.666673753810863E-003
 -3.367190224669047E-004 -1.010154163854268E-003  6.666673620651765E-003
 -1.010154163773925E-003 -3.367190225285325E-004  6.666673620673942E-003
 -1.683589977696291E-003 -1.010154155975523E-003  6.666673690814372E-003
 -1.010154156014566E-003 -1.683589977874534E-003  6.666673690792827E-003
 -1.010154201345867E-003 -1.010154201480828E-003  6.666673639884691E-003
